nippon={
	location=1376
	outgoing={
		name="hangzhou"
		path={
			1389 1373 684 
		}
		control={
			4801.000000 1197.000000 4760.000000 1154.000000 
		}
	}
	members={
		1376 1012 1014 1017 1018 1019 1020 1021 1023 1024 1025 1026 1027 1028 1029 1030 1031 1032 1818 1819 1820 1825 1830 1832 1835 1837 1839 1843 1847 1852 4131 4180 4181 4182 4183 4184 4185 4186 4187 4188 4189 4190 4191 4192 4193 1015 4359 4360
		1845 2744 4232 #pyongan_area
		732 2742 2743 #hamgyeong_area
		733 735 4230 4231 #western_korea_area
		734 736 2694 2745 4227 #eastern_korea_area
		737 1013 2741 4228 4229 #south_korea_area
		4361 #대마도
	}
}