girin={
	location=730
	color={
		41 82 45 
	}
	outgoing={
		name="hanyang"
		path={
			732 734 735
		}
		control={
			4796.000000 1325.000000 4794.000000 1292.000000
		}
	}
}
nippon={
	location=1376
	outgoing={
		name="hanyang"
		path={
			2745 4229 735
		}
		control={
			4824.000000 1238.000000 4799.000000 1263.000000 
		}
	}
	members={
		1376 1012 1014 1017 1018 1019 1020 1021 1023 1024 1025 1026 1027 1028 1029 1030 1031 1032 1818 1819 1820 1825 1830 1832 1835 1837 1839 1843 1847 1852 4131 4180 4181 4182 4183 4184 4185 4186 4187 4188 4189 4190 4191 4192 4193 1015 4359 4360
		8204 #dae-ma
	}
}
hanyang={
	location=735
	color={
		66 108 206
	}
	outgoing={
		name="beijing"
		path={
			2112 2113 1375
		}
		control={
			4776.000000 1294.000000 4760.000000 1325.000000 4725.000000 1326.000000
		}
	}
	members={
		732 2742 2743 8224 #ham-gil-do
		1845 2744 4232 8212 8213 8214 #pyeong-an-do
		733 4231 #hwang-hae-do
		735 4230 8202 8203 8241 8243 8244 #gyeong-gi-do
		734 2694 #gang-won-do
		1013 4229 8262 8263 #chung-cheong-do
		737 2741 4228 8272 #jeon-la-do
		736 2745 4227 8282 8283 8286 #gyeong-sang-do
	}
}